image_width: 640
image_height: 480
camera_name: camera
camera_matrix:
  rows: 3
  cols: 3
  data: [639.01, 0.0, 414.23, 0.0, 639.02, 296.14, 0.0, 0.0, 1.0]
distortion_model: plumb_bob
distortion_coefficients:
  rows: 1
  cols: 5
  data: [-0.36542, 0.1961, 0.0, 0.0, -0.0680]
rectification_matrix:
  rows: 3
  cols: 3
  data: [1.0, 0.0, 0.0, 0.0, 1.0, 0.0, 0.0, 0.0, 1.0]
projection_matrix:
  rows: 3
  cols: 4
  data: [639.01, 0.0, 414.23, 0.0, 0.0, 639.02, 296.14, 0.0, 0.0, 0.0, 1.0, 0.0]
