image_width: 640
image_height: 480
camera_name: camera
camera_matrix:
  rows: 3
  cols: 3
  data: [491.0733000144673, 0.0, 433.8119512218362, 0.0, 493.2842917688211, 231.36983382811084, 0.0, 0.0, 1.0]
distortion_model: plumb_bob
distortion_coefficients:
  rows: 1
  cols: 5
  data: [-0.36566054273139165, 0.09948595216497486, 0.0008765695610056838, 0.0027235627017253017, 0.0]
rectification_matrix:
  rows: 3
  cols: 3
  data: [1, 0, 0, 0, 1, 0, 0, 0, 1]
projection_matrix:
  rows: 3
  cols: 4
  data: [364.1418151855469, 0.0, 476.2552457609636, 0.0, 0.0, 443.3916015625, 229.6917316453182, 0.0, 0.0, 0.0, 1.0, 0.0]
