image_width: 640
image_height: 480
camera_name: camera
camera_matrix:
  rows: 3
  cols: 3
  data: [322.7305099078053, 0.0, 317.9629752594596, 0.0, 322.9378717599244, 165.92856456362162, 0.0, 0.0, 1.0]
distortion_model: plumb_bob
distortion_coefficients:
  rows: 1
  cols: 5
  data: [-0.2815749240390428, 0.053507791811488875, 0.002098532581766707, 0.003953150951157185, 0.0]
rectification_matrix:
  rows: 3
  cols: 3
  data: [1.0, 0.0, 0.0, 0.0, 1.0, 0.0, 0.0, 0.0, 1.0]
projection_matrix:
  rows: 3
  cols: 4
  data: [210.76730346679688, 0.0, 324.50613741010966, 0.0, 0.0, 290.05517578125, 163.30096701017465, 0.0, 0.0, 0.0, 1.0, 0.0]
