image_width: 640
image_height: 480
camera_name: camera
camera_matrix:
  rows: 3
  cols: 3
  data: [544.4945139813739, 1.149301942154260, 617.6621458279774, 0.0, 542.0703550764314, 364.0827667831792, 0.0, 0.0, 1.0]
distortion_model: plumb_bob
distortion_coefficients:
  rows: 1
  cols: 5
  data: [-0.341649392855550, 0.131134780534907, -0.0003054461464776723, -0.0001919527256588525, -0.024645299047355]
rectification_matrix:
  rows: 3
  cols: 3
  data: [1, 0, 0, 0, 1, 0, 0, 0, 1]
projection_matrix:
  rows: 3
  cols: 4
  data:  [544.4945139813739, 1.149301942154260, 617.6621458279774, 0.0, 0.0, 542.0703550764314, 364.0827667831792, 0.0, 0.0, 0.0, 1.0, 0.0]
